test #3:

input:

9
10 1
0 0 0 0 0 1 0 1 0 1
ans: 3

101 41
1 0 1 0 0 1 0 0 0 0 0 0 1 0 1 1 0 1 0 0 1 1 0 0 1 1 0 0 0 0 0 0 0 0 1 1 1 1 1 0 0 0 0 1 0 1 0 1 0 1 1 1 1 0 0 1 1 1 1 0 0 0 1 1 0 0 0 1 1 0 0 1 1 0 1 1 1 1 0 1 1 1 1 1 0 0 0 0 1 1 1 0 0 0 0 1 1 0 0 0 1
ans: 14

19 1
0 0 1 0 1 0 1 0 1 1 1 0 0 1 0 0 1 1 0
ans: 14

8 6
1 0 1 1 1 1 1 0
ans: 0

1 1
1
ans: 0

17 8
1 0 1 0 1 0 1 0 0 0 0 0 0 1 0 0 1
ans: -1

13 6
0 0 0 1 0 0 1 1 1 1 1 1 0
ans: 2

1 1
0
ans:  -1

18 14
0 1 1 1 1 0 1 0 0 0 0 1 1 0 0 1 1 1
ans: -1





